z_1 =

    0.2500
    1.4286
   18.0000


z_2 =

   19.6786


z_3 =

    0.2500    0.3125    0.3750
    1.1429    1.4286    1.7143
   12.0000   15.0000   18.0000