f =
    
    0.1667
    0.3750
    0.1194
    
    
T =
    
    6.0000
    2.6667
    8.3776