Z =

   1.0000 + 2.0000i   2.5000 + 3.5000i