Z =

    14    32