z_1 =

	0.0125
	0.0571
	0.6000


z_2 =

	0.0125    0.0571    0.6000


y_1 =

	0.8000
	1.0000
	1.2000


y_2 =

	0.8000    1.0000    1.2000